0.988274 -0.089451 0.121201 -0.024966 0.321307 1.630291 3.766946 0.080538 0.007438 0.098313 0.186292
0.989397 0.121470 -0.078582 0.012815 0.784428 0.055012 2.316771 0.069727 0.006861 0.053333 0.129924
-0.169649 -0.002805 0.982346 -0.078782 0.472500 -1.610935 2.651362 0.061230 0.006869 0.058506 0.126608
-0.148774 0.075743 0.922130 -0.349006 1.362158 0.928491 2.497916 0.071182 0.006738 0.027318 0.105260
0.677559 0.069974 -0.731853 0.020226 2.540547 -0.794004 1.545055 0.062028 0.007130 0.012029 0.081208
0.066746 0.015570 0.974677 -0.212856 1.521547 0.044231 2.097569 0.059710 0.006915 0.020204 0.086832
0.975344 -0.129053 -0.152737 0.093383 -1.091068 -0.560390 3.116507 0.063106 0.007426 0.091070 0.161604
-0.156083 0.056827 0.939276 -0.300283 -0.580606 0.926432 2.980242 0.059735 0.007036 0.017664 0.084438
0.883957 0.124544 -0.448782 0.041260 0.294319 -0.572602 2.001887 0.058803 0.007058 0.020794 0.086658
-0.434207 0.031611 0.886762 -0.155302 -1.288314 0.028243 2.663005 0.058200 0.006896 0.024875 0.089974
0.939266 -0.006298 -0.338831 0.054151 -0.591795 0.996892 2.500678 0.062833 0.007396 0.063860 0.134092
0.934008 0.187351 -0.303402 -0.021821 2.249687 -1.050691 1.244741 0.058237 0.007467 0.062308 0.128016
0.746074 -0.070126 -0.650787 0.122198 2.178478 -0.195838 1.942411 0.058937 0.006975 0.026405 0.092320
0.970224 0.127301 -0.205696 0.012224 0.336503 0.115846 2.093975 0.059444 0.007031 0.046080 0.112558
0.470830 0.022690 0.878022 -0.082958 0.251123 0.475338 2.544607 0.059973 0.006657 0.020625 0.087257
0.621354 -0.113768 -0.742835 0.221747 2.346983 0.251849 2.012253 0.063724 0.007068 0.091474 0.162270
0.916942 -0.112940 0.373766 -0.082227 1.471293 1.855400 3.255759 0.067019 0.006998 0.046062 0.120082
