0 1.7330 0.2083
10 1.6085 0.2083
20 1.5798 0.2562
30 1.5695 0.2479
40 1.5664 0.2521
50 1.5569 0.2708
60 1.5619 0.2313
70 1.5609 0.2542
80 1.5441 0.2542
90 1.5577 0.2458
100 1.5656 0.2729
110 1.5474 0.2646
120 1.5678 0.2542
130 1.5525 0.2500
140 1.5556 0.2521
150 1.5761 0.2604
160 1.5524 0.2521
170 1.5670 0.2708
180 1.5599 0.2542
190 1.5496 0.2542
200 1.5590 0.2313
210 1.5607 0.2604
220 1.5523 0.2521
230 1.5766 0.2458
240 1.5594 0.2333
250 1.5626 0.2500
260 1.5463 0.2479
270 1.5512 0.2458
280 1.5660 0.2146
290 1.5699 0.2479
300 1.5587 0.2646
310 1.5550 0.2479
320 1.5494 0.2396
330 1.5690 0.2521
340 1.5502 0.2542
350 1.5730 0.2500
360 1.5448 0.2562
370 1.5587 0.2354
380 1.5733 0.2375
390 1.5540 0.2375
400 1.5602 0.2167
410 1.5435 0.2479
420 1.5482 0.2604
430 1.5547 0.2333
440 1.5622 0.2562
450 1.5578 0.2542
460 1.5580 0.2417
470 1.5620 0.2542
480 1.5598 0.2583
490 1.5526 0.2229
500 1.5576 0.2479
510 1.5655 0.2146
520 1.5658 0.2500
530 1.5807 0.2521
540 1.5457 0.2583
550 1.5452 0.2313
560 1.5494 0.2500
570 1.5714 0.2125
580 1.5462 0.2500
590 1.5573 0.2458
600 1.5453 0.2479
610 1.5425 0.2729
620 1.5476 0.2521
630 1.5520 0.2479
640 1.5406 0.2521
650 1.5552 0.2521
660 1.5440 0.2333
670 1.5569 0.2417
680 1.5673 0.2500
690 1.5521 0.2479
700 1.5540 0.2500
710 1.5622 0.2354
720 1.5464 0.2313
730 1.5461 0.2479
740 1.5705 0.2229
750 1.5589 0.2604
760 1.5698 0.2354
770 1.5624 0.2292
780 1.5365 0.2521
790 1.5485 0.2500
