0 1.7093 0.2271
10 1.5697 0.2833
20 1.5705 0.3063
30 1.5616 0.3063
40 1.5378 0.2458
50 1.5614 0.2625
60 1.5532 0.2708
70 1.5478 0.2646
80 1.5300 0.2646
90 1.5660 0.3292
100 1.5412 0.2583
110 1.5380 0.2667
120 1.5331 0.3042
130 1.5419 0.2875
140 1.5711 0.2792
150 1.5459 0.2667
160 1.5414 0.2687
170 1.5254 0.2646
180 1.5492 0.2625
190 1.5271 0.3125
200 1.5458 0.2958
210 1.5276 0.2708
220 1.5096 0.2771
230 1.5414 0.3021
240 1.5306 0.3021
250 1.5566 0.3083
260 1.5346 0.3229
270 1.5258 0.3187
280 1.5432 0.2917
290 1.5311 0.2687
300 1.5434 0.3042
310 1.5376 0.2979
320 1.5247 0.3083
330 1.5230 0.3250
340 1.5255 0.3125
350 1.5344 0.2917
360 1.5403 0.2938
370 1.5494 0.2583
380 1.5305 0.2938
390 1.5438 0.2729
400 1.5318 0.2646
410 1.5132 0.2708
420 1.5225 0.3354
430 1.5404 0.2667
440 1.5068 0.2833
450 1.5316 0.2854
460 1.5413 0.2667
470 1.5189 0.2938
480 1.5260 0.2938
490 1.5228 0.3250
500 1.5160 0.2750
510 1.5420 0.2771
520 1.5495 0.2896
530 1.5107 0.3000
540 1.5277 0.3000
550 1.5198 0.2562
560 1.5345 0.2938
570 1.5341 0.3458
580 1.5276 0.3063
590 1.5583 0.2562
600 1.5332 0.3438
610 1.5361 0.2958
620 1.5478 0.2667
630 1.5081 0.3146
640 1.5273 0.2917
650 1.5280 0.2729
660 1.5170 0.3354
670 1.5417 0.2646
680 1.5408 0.3000
690 1.5364 0.3083
700 1.5456 0.2938
710 1.5245 0.2583
720 1.5287 0.3146
730 1.5276 0.3125
740 1.5372 0.3042
750 1.5437 0.3187
760 1.5312 0.2979
770 1.5183 0.2917
780 1.5159 0.3125
790 1.5149 0.2979
