0 1.7272 0.1792
10 1.6130 0.2083
20 1.5809 0.2542
30 1.6113 0.2083
40 1.5880 0.2417
50 1.5732 0.2396
60 1.5661 0.2500
70 1.5706 0.2625
80 1.5724 0.2229
90 1.5517 0.2625
100 1.5749 0.2292
110 1.5791 0.2625
120 1.5836 0.2104
130 1.6074 0.2083
140 1.6005 0.2083
150 1.6027 0.2083
160 1.6062 0.2083
170 1.6095 0.2083
180 1.6106 0.2083
190 1.6100 0.2417
200 1.6091 0.2292
210 1.5941 0.2313
220 1.5980 0.2083
230 1.6066 0.2167
240 1.6202 0.2083
250 1.5991 0.2146
260 1.6056 0.2229
270 1.6083 0.2375
280 1.6071 0.2354
290 1.5971 0.2083
300 1.6095 0.2083
310 1.6123 0.2333
320 1.6090 0.2083
330 1.6040 0.2083
340 1.6087 0.2083
350 1.6077 0.2188
360 1.6215 0.2083
370 1.5870 0.2125
380 1.5647 0.2437
390 1.5743 0.2417
400 1.5984 0.2500
410 1.5938 0.2437
420 1.6126 0.2229
430 1.5797 0.2333
440 1.5644 0.2458
450 1.5682 0.2458
460 1.5825 0.2083
470 1.5651 0.2167
480 1.5998 0.2167
490 1.6085 0.2083
500 1.5793 0.2083
510 1.5981 0.2125
520 1.5884 0.2083
530 1.5887 0.2333
540 1.5993 0.2083
550 1.6090 0.2104
560 1.5966 0.2083
570 1.5979 0.2083
580 1.6281 0.2083
590 1.6116 0.2083
600 1.6062 0.2313
610 1.5993 0.2083
620 1.5747 0.2083
630 1.5884 0.2167
640 1.5705 0.2292
650 1.5909 0.2083
660 1.6042 0.2417
670 1.5757 0.2437
680 1.5939 0.2083
690 1.5866 0.2333
700 1.5942 0.2375
710 1.5979 0.2167
720 1.6021 0.2375
730 1.5865 0.2104
740 1.5872 0.2167
750 1.5930 0.2479
760 1.5911 0.2292
770 1.5701 0.2542
780 1.5779 0.2208
790 1.5774 0.2083
