0 1.9590 0.0910
10 1.6751 0.4780
20 0.8757 0.6580
30 0.5611 0.6670
40 0.3635 0.7480
50 0.2741 0.7520
60 0.1782 0.7480
70 0.1376 0.7530
80 0.1234 0.7690
90 0.1854 0.7790
100 0.1732 0.7530
110 0.1942 0.7510
120 0.1705 0.7780
130 0.1947 0.7670
140 0.1152 0.7580
150 0.1292 0.7390
160 0.1572 0.7690
170 0.1593 0.7690
180 0.3585 0.7580
190 0.1382 0.7460
200 0.1294 0.7550
210 0.1283 0.7350
220 0.1710 0.7690
230 0.1650 0.7440
240 0.1417 0.7410
250 0.1473 0.7410
260 0.2019 0.7480
270 0.0909 0.7380
280 0.0957 0.7550
290 0.1086 0.7540
300 0.1194 0.7620
310 0.1012 0.7710
320 0.0887 0.7590
330 0.1107 0.7580
340 0.1172 0.7630
350 0.1486 0.7450
360 0.1334 0.7480
370 0.0802 0.7460
380 0.0919 0.7620
390 0.1210 0.7500
400 0.1325 0.7420
410 0.1245 0.7510
420 0.2291 0.7460
430 0.1653 0.7480
440 0.0701 0.7450
450 0.0937 0.7480
460 0.1189 0.7550
470 0.0967 0.7510
480 0.1173 0.7480
490 0.1460 0.7520
500 0.1399 0.7500
510 0.1110 0.7590
520 0.1704 0.7400
530 0.1159 0.7470
540 0.0819 0.7620
550 0.1567 0.7410
560 0.1030 0.7260
570 0.0698 0.7300
580 0.1040 0.7410
590 0.0993 0.7380
600 0.0927 0.7490
610 0.1450 0.7300
620 0.0806 0.7450
630 0.1118 0.7360
640 0.1579 0.7510
650 0.0705 0.7320
660 0.0875 0.7370
670 0.0901 0.7500
680 0.0749 0.7350
690 0.1223 0.7460
700 0.1497 0.7570
710 0.0979 0.7470
720 0.1166 0.7430
730 0.1099 0.7530
740 0.0760 0.7440
750 0.0718 0.7420
760 0.1106 0.7420
770 0.1102 0.7480
780 0.0928 0.7490
790 0.1319 0.7400
