0 1.9541 0.3050
10 1.5620 0.6750
20 1.0146 0.7320
30 0.5914 0.7500
40 0.3244 0.7540
50 0.2442 0.7500
60 0.2145 0.7630
70 0.1908 0.7540
80 0.3047 0.7830
90 0.1608 0.7510
100 0.2016 0.7770
110 0.1966 0.7650
120 0.2101 0.7910
130 0.1950 0.7830
140 0.1907 0.7960
150 0.2864 0.7810
160 0.2581 0.7930
170 0.2190 0.7730
180 0.2383 0.7770
190 0.2058 0.7680
200 0.3231 0.7760
210 0.1824 0.7570
220 0.2374 0.7810
230 0.2920 0.7770
240 0.2207 0.7760
250 0.2905 0.7690
260 0.1923 0.7680
270 0.2112 0.7660
280 0.2071 0.7920
290 0.2225 0.7700
300 0.1469 0.7540
310 0.2787 0.7440
320 0.2187 0.7780
330 0.2806 0.7650
340 0.1833 0.7670
350 0.2018 0.7690
360 0.1852 0.7580
370 0.2661 0.7780
380 0.1966 0.7840
390 0.1937 0.7820
400 0.1897 0.7730
410 0.2181 0.7680
420 0.2047 0.7600
430 0.1297 0.7700
440 0.2813 0.7850
450 0.2874 0.7780
460 0.2140 0.7660
470 0.2109 0.7790
480 0.2159 0.7760
490 0.1203 0.7490
500 0.1589 0.7850
510 0.1623 0.7850
520 0.1949 0.7440
530 0.3312 0.7910
540 0.2236 0.7490
550 0.2452 0.7570
560 0.1924 0.7620
570 0.1834 0.7740
580 0.2639 0.7570
590 0.1751 0.7670
600 0.2794 0.7690
610 0.2348 0.7260
620 0.2114 0.7670
630 0.1032 0.7690
640 0.1573 0.7740
650 0.2144 0.7620
660 0.1861 0.7780
670 0.1920 0.7660
680 0.2059 0.7650
690 0.1712 0.7690
700 0.1897 0.7480
710 0.1978 0.7080
720 0.2409 0.7860
730 0.2920 0.7620
740 0.2281 0.7820
750 0.2226 0.7640
760 0.1979 0.7630
770 0.1909 0.7790
780 0.2038 0.7570
790 0.2045 0.7540
