0 1.9550 0.3190
10 1.4262 0.5100
20 0.5847 0.8040
30 0.3186 0.7940
40 0.3222 0.7890
50 0.1775 0.8030
60 0.2386 0.7710
70 0.1571 0.7900
80 0.1205 0.7960
90 0.2015 0.7910
100 0.1604 0.7970
110 0.1252 0.7900
120 0.1139 0.7940
130 0.1133 0.7970
140 0.1225 0.8050
150 0.1711 0.7950
160 0.1134 0.7960
170 0.1320 0.8030
180 0.1264 0.7920
190 0.1962 0.7990
200 0.1446 0.7770
210 0.1158 0.7770
220 0.1252 0.7980
230 0.1161 0.7810
240 0.1954 0.7910
250 0.1312 0.7760
260 0.1491 0.8020
270 0.0863 0.7940
280 0.1149 0.7780
290 0.1823 0.7930
300 0.0820 0.7980
310 0.1326 0.7960
320 0.0996 0.7910
330 0.0755 0.7810
340 0.1324 0.7910
350 0.1422 0.7750
360 0.1377 0.7820
370 0.1480 0.7860
380 0.1428 0.7840
390 0.2161 0.8000
400 0.0698 0.7850
410 0.1709 0.7960
420 0.1379 0.7960
430 0.0722 0.7860
440 0.1089 0.7710
450 0.0852 0.7800
460 0.1113 0.7640
470 0.0926 0.7950
480 0.1304 0.8110
490 0.0844 0.8090
500 0.1073 0.7880
510 0.0672 0.7640
520 0.1387 0.7890
530 0.0776 0.8000
540 0.1121 0.7920
550 0.0892 0.7960
560 0.1620 0.8040
570 0.1415 0.7930
580 0.1124 0.7780
590 0.1326 0.7970
600 0.1722 0.7780
610 0.1035 0.7650
620 0.0979 0.8060
630 0.1366 0.7740
640 0.0798 0.7730
650 0.0699 0.7780
660 0.0706 0.7690
670 0.1268 0.7850
680 0.1346 0.7930
690 0.0958 0.7800
700 0.0981 0.8000
710 0.1322 0.7980
720 0.1182 0.7680
730 0.1056 0.7880
740 0.1313 0.8020
750 0.0876 0.7840
760 0.0887 0.7960
770 0.0862 0.7810
780 0.0931 0.7780
790 0.0698 0.7890
