0.988274 -0.089451 0.121201 -0.024966 0.321307 1.630291 3.766946 0.080385 0.007266 0.072772 0.160426
0.989397 0.121470 -0.078582 0.012815 0.784428 0.055012 2.316771 0.072671 0.006707 0.057605 0.136986
-0.169649 -0.002805 0.982346 -0.078782 0.472500 -1.610935 2.651362 0.064277 0.007262 0.063244 0.134786
-0.148774 0.075743 0.922130 -0.349006 1.362158 0.928491 2.497916 0.075344 0.006721 0.031451 0.113537
0.677559 0.069974 -0.731853 0.020226 2.540547 -0.794004 1.545055 0.065783 0.006926 0.014564 0.087277
0.066746 0.015570 0.974677 -0.212856 1.521547 0.044231 2.097569 0.063666 0.006982 0.020418 0.091069
0.972502 -0.125229 -0.179143 0.080406 -0.890699 -0.485013 3.043551 0.067049 0.006752 0.109060 0.182864
-0.156083 0.056827 0.939276 -0.300283 -0.580606 0.926432 2.980242 0.059471 0.007277 0.014300 0.081051
0.883957 0.124544 -0.448782 0.041260 0.294319 -0.572602 2.001887 0.059899 0.006922 0.021212 0.088036
-0.434207 0.031611 0.886762 -0.155302 -1.288314 0.028243 2.663005 0.061052 0.006918 0.010791 0.078764
0.937034 -0.030597 -0.342690 0.059953 -0.545107 0.841171 2.410431 0.067831 0.007086 0.055177 0.130097
0.934008 0.187351 -0.303402 -0.021821 2.249687 -1.050691 1.244741 0.057742 0.006753 0.041301 0.105817
0.738714 -0.055228 -0.660662 0.121562 2.285895 -0.123820 1.963675 0.058756 0.007324 0.032180 0.098263
0.970224 0.127301 -0.205696 0.012224 0.336503 0.115846 2.093975 0.057911 0.007303 0.021303 0.086520
0.470830 0.022690 0.878022 -0.082958 0.251123 0.475338 2.544607 0.058866 0.007122 0.019441 0.085432
0.916942 -0.112940 0.373766 -0.082227 1.471293 1.855400 3.255759 0.067885 0.006848 0.055500 0.130237
