0.989012 -0.080212 0.120161 -0.031347 0.327537 1.702755 3.699398 0.079796 4.886482 0.161041 5.127323
0.988507 0.136330 -0.065020 0.006330 0.684111 0.147471 2.282429 0.064718 3.914568 0.486450 4.465743
-0.169971 -0.002032 0.982284 -0.078885 0.462131 -1.612343 2.624407 0.069129 3.141795 0.265291 3.476223
-0.141371 0.078131 0.922865 -0.349615 1.441789 0.917594 2.501643 0.075971 3.869760 0.612736 4.558475
0.677694 0.074162 -0.731308 0.020492 2.541613 -0.767436 1.541964 0.066521 2.924061 0.149911 3.140496
0.066904 0.016300 0.974822 -0.212087 1.530229 0.048407 2.109611 0.071288 2.856075 0.264182 3.191553
0.972502 -0.125229 -0.179143 0.080406 -0.890699 -0.485013 3.043551 0.068802 4.725961 0.015169 4.809935
-0.162241 0.056755 0.936085 -0.306923 -0.643123 0.855193 2.929772 0.066061 2.392060 0.098637 2.556761
0.884198 0.127969 -0.447382 0.040844 0.291094 -0.552641 1.982558 0.064591 3.246358 0.010588 3.321540
-0.434207 0.031611 0.886762 -0.155302 -1.288314 0.028243 2.663005 0.065712 2.350679 0.038547 2.454941
0.937440 -0.040539 -0.339934 0.063306 -0.556245 0.775692 2.353753 0.076678 4.554773 0.044960 4.676415
0.939095 0.184107 -0.289598 -0.018413 2.168562 -1.077026 1.241401 0.063888 2.663672 0.013197 2.740761
0.740270 -0.055795 -0.658994 0.120888 2.275350 -0.128589 1.960995 0.062850 2.896086 0.016038 2.974978
0.969871 0.114341 -0.214244 0.019401 0.532799 0.036260 2.074984 0.063688 2.853666 0.014583 2.931940
0.464407 0.026504 0.882283 -0.072105 0.210731 0.547190 2.565430 0.064021 3.679205 0.026277 3.769524
0.625294 -0.115770 -0.739207 0.221761 2.302071 0.236292 1.993529 0.063191 2.850242 0.010337 2.923774
0.540477 0.024122 -0.835666 0.094683 1.229286 -0.774719 2.546863 0.065411 2.715904 0.006747 2.788079
0.920080 -0.116976 0.364477 -0.083220 1.547801 1.818882 3.232358 0.070966 4.874660 0.285908 5.231543
